/teleport 31983 32193 5
/teleport 31984 32246 10
/teleport 32084 32181 8
/teleport 32180 31934 7
/teleport 32181 32468 10
/teleport 32219 32401 10
/teleport 32233 32491 10
/teleport 32239 32471 10
/teleport 32239 32478 10
/teleport 32245 32492 10
/teleport 32248 31866 8
/teleport 32256 32500 10
/teleport 32262 31861 11
/teleport 32305 32254 9
/teleport 32370 32265 12
/teleport 32411 32155 15
/teleport 32414 32147 15
/teleport 32421 31594 15
/teleport 32423 31591 15
/teleport 32427 31943 14
/teleport 32428 31591 15
/teleport 32460 31951 5
/teleport 32497 31887 7
/teleport 32498 31721 15
/teleport 32500 31721 15
/teleport 32503 31724 15
/teleport 32509 32181 13
/teleport 32514 32248 8
/teleport 32514 32303 10
/teleport 32568 32085 12
/teleport 32576 32216 15
/teleport 32578 32177 15
/teleport 32588 31644 3
/teleport 32588 31645 3
/teleport 32589 31794 5
/teleport 32589 32097 14
/teleport 32636 31873 10
/teleport 32644 31614 6
/teleport 32652 32107 7
/teleport 32680 31603 15
/teleport 32726 31980 7
/teleport 32769 31968 7
/teleport 32775 32006 11
/teleport 32778 32282 11
/teleport 32781 32334 6
/teleport 32786 32254 8
/teleport 32800 31582 2
/teleport 32800 31959 7
/teleport 32813 31964 7
/teleport 32814 32281 8
/teleport 32816 32279 8
/teleport 32817 32283 8
/teleport 32868 31955 11
/teleport 32880 31955 11
/teleport 32933 32495 7
/teleport 32954 32695 8
/teleport 33049 32399 10
/teleport 33051 32774 14
/teleport 33063 31624 15
/teleport 33084 31650 12
/teleport 33126 32589 15
/teleport 33127 31885 9
/teleport 33145 32663 15
/teleport 33155 32840 6
/teleport 33174 32932 15
/teleport 33178 33013 14
/teleport 33182 31869 12
/teleport 33182 32712 14
/teleport 33186 32903 11
/teleport 33315 32277 11
/teleport 33315 32282 11
/teleport 33327 32180 8
/teleport 33349 32825 14
