=== Consolidated Teleport Report ===
Generated: 2026-02-12 15:41:05

[Switches/Levers] count=147
---
/teleport 31987 32229 11
/teleport 31998 32231 11
/teleport 32086 32204 6
/teleport 32088 32148 9
/teleport 32090 32148 9
/teleport 32092 32148 9
/teleport 32093 32174 8
/teleport 32094 32148 9
/teleport 32098 32204 8
/teleport 32104 32204 8
/teleport 32148 32105 11
/teleport 32180 31633 8
/teleport 32180 31941 8
/teleport 32182 32145 11
/teleport 32212 31888 12
/teleport 32220 31842 15
/teleport 32220 31843 15
/teleport 32220 31844 15
/teleport 32220 31845 15
/teleport 32220 31846 15
/teleport 32225 32285 10
/teleport 32227 32278 8
/teleport 32266 31861 11
/teleport 32310 31975 13
/teleport 32310 31976 13
/teleport 32312 31975 13
/teleport 32312 31976 13
/teleport 32313 31928 8
/teleport 32314 31975 13
/teleport 32314 31976 13
/teleport 32315 31910 12
/teleport 32397 32237 7
/teleport 32398 32237 7
/teleport 32413 32230 10
/teleport 32428 32198 14
/teleport 32473 32119 14
/teleport 32473 32122 14
/teleport 32476 31900 6
/teleport 32477 31900 6
/teleport 32478 31900 6
/teleport 32478 31904 3
/teleport 32479 31900 6
/teleport 32479 31905 4
/teleport 32479 31905 6
/teleport 32480 31900 6
/teleport 32481 31900 6
/teleport 32481 31904 5
/teleport 32488 31628 13
/teleport 32493 32246 8
/teleport 32497 32249 8
/teleport 32510 31581 15
/teleport 32528 31724 10
/teleport 32560 31891 12
/teleport 32560 31892 12
/teleport 32560 31893 12
/teleport 32560 31894 12
/teleport 32560 31895 12
/teleport 32560 31896 12
/teleport 32560 31897 12
/teleport 32561 31891 12
/teleport 32562 31891 12
/teleport 32563 31891 12
/teleport 32564 31891 12
/teleport 32565 31891 12
/teleport 32566 31891 12
/teleport 32567 31891 12
/teleport 32567 31892 12
/teleport 32567 31893 12
/teleport 32567 31894 12
/teleport 32567 31895 12
/teleport 32567 31896 12
/teleport 32567 31897 12
/teleport 32573 31902 9
/teleport 32573 32121 7
/teleport 32577 31949 9
/teleport 32577 31952 9
/teleport 32579 31933 8
/teleport 32580 32091 12
/teleport 32580 32184 15
/teleport 32584 31902 9
/teleport 32594 32212 9
/teleport 32596 31940 2
/teleport 32598 31964 14
/teleport 32601 31940 2
/teleport 32602 32094 11
/teleport 32602 32104 14
/teleport 32603 31901 4
/teleport 32604 31908 3
/teleport 32606 31964 14
/teleport 32614 32173 9
/teleport 32617 32102 12
/teleport 32625 31698 11
/teleport 32636 31922 5
/teleport 32637 31881 2
/teleport 32637 31881 7
/teleport 32673 32086 8
/teleport 32698 32120 9
/teleport 32778 32232 8
/teleport 32792 31579 7
/teleport 32792 31595 7
/teleport 32792 32342 11
/teleport 32792 32346 11
/teleport 32801 31587 5
/teleport 32802 31584 1
/teleport 32802 31587 5
/teleport 32803 31584 1
/teleport 32803 31587 5
/teleport 32804 31584 1
/teleport 32805 31584 1
/teleport 32813 31595 5
/teleport 32866 31953 12
/teleport 32886 32027 6
/teleport 32886 32036 6
/teleport 32891 32121 6
/teleport 32891 32130 6
/teleport 32914 32078 5
/teleport 32931 32140 6
/teleport 32940 32140 6
/teleport 32959 31761 9
/teleport 33003 32085 10
/teleport 33080 32582 3
/teleport 33118 32761 14
/teleport 33118 32762 14
/teleport 33118 32763 14
/teleport 33145 32865 9
/teleport 33150 32813 7
/teleport 33150 32815 7
/teleport 33150 32817 7
/teleport 33152 32813 7
/teleport 33152 32866 8
/teleport 33152 32868 8
/teleport 33154 32813 7
/teleport 33161 32813 7
/teleport 33161 32815 7
/teleport 33161 32817 7
/teleport 33163 32813 7
/teleport 33165 32813 7
/teleport 33172 31896 8
/teleport 33187 31823 7
/teleport 33188 31786 7
/teleport 33194 31786 7
/teleport 33195 31823 7
/teleport 33207 31810 4
/teleport 33226 31671 13
/teleport 33252 31761 9
/teleport 33290 31715 12
/teleport 33330 31591 15

[Quest Chests] count=140
---
/teleport 31973 32209 12
/teleport 31977 32209 12
/teleport 32031 31686 8
/teleport 32039 32121 13
/teleport 32092 32162 8
/teleport 32099 32198 9
/teleport 32102 32235 8
/teleport 32105 31567 9
/teleport 32109 31567 9
/teleport 32124 32064 12
/teleport 32127 32065 12
/teleport 32130 32066 12
/teleport 32141 32097 11
/teleport 32144 32096 11
/teleport 32146 32097 11
/teleport 32149 32105 11
/teleport 32150 32111 12
/teleport 32171 32197 7
/teleport 32172 31602 10
/teleport 32201 31571 10
/teleport 32212 31896 15
/teleport 32212 31910 15
/teleport 32218 31912 15
/teleport 32220 31912 15
/teleport 32225 32265 10
/teleport 32226 31896 15
/teleport 32226 31910 15
/teleport 32226 32265 10
/teleport 32259 31949 14
/teleport 32346 32063 12
/teleport 32357 32130 9
/teleport 32376 31802 7
/teleport 32390 31769 9
/teleport 32434 31938 8
/teleport 32443 32238 11
/teleport 32451 32048 8
/teleport 32455 31968 14
/teleport 32455 32048 8
/teleport 32456 32008 13
/teleport 32459 32144 15
/teleport 32462 31947 4
/teleport 32464 31957 5
/teleport 32465 32148 15
/teleport 32466 32148 15
/teleport 32467 31962 4
/teleport 32477 31900 1
/teleport 32478 31900 1
/teleport 32479 31611 15
/teleport 32479 31900 1
/teleport 32480 31900 1
/teleport 32481 31611 15
/teleport 32495 31992 14
/teleport 32497 31992 14
/teleport 32500 32175 14
/teleport 32500 32177 14
/teleport 32504 31596 14
/teleport 32515 31596 14
/teleport 32522 32111 15
/teleport 32565 32119 3
/teleport 32567 32024 6
/teleport 32569 32024 6
/teleport 32572 32195 14
/teleport 32575 32195 14
/teleport 32578 32195 14
/teleport 32590 31647 3
/teleport 32591 31647 3
/teleport 32591 32097 14
/teleport 32598 31934 15
/teleport 32599 31776 9
/teleport 32599 31923 6
/teleport 32601 31776 9
/teleport 32605 31908 3
/teleport 32611 32382 10
/teleport 32620 32198 10
/teleport 32623 32187 9
/teleport 32644 32131 8
/teleport 32648 31905 3
/teleport 32649 31969 9
/teleport 32650 31969 9
/teleport 32651 31969 9
/teleport 32668 32069 8
/teleport 32675 32069 8
/teleport 32677 32084 11
/teleport 32704 31605 14
/teleport 32757 31957 9
/teleport 32758 31952 9
/teleport 32769 32302 10
/teleport 32774 32253 8
/teleport 32776 32253 8
/teleport 32778 32253 8
/teleport 32782 32910 8
/teleport 32803 31582 2
/teleport 32804 31582 2
/teleport 32845 31917 6
/teleport 32847 31917 6
/teleport 32852 32332 7
/teleport 32867 31909 8
/teleport 32922 32755 7
/teleport 32935 32886 7
/teleport 32957 32834 8
/teleport 32967 31719 2
/teleport 32980 31727 9
/teleport 32981 31727 9
/teleport 32985 31727 9
/teleport 33038 32171 9
/teleport 33039 32171 9
/teleport 33040 32171 9
/teleport 33072 32169 2
/teleport 33078 31656 11
/teleport 33079 32169 2
/teleport 33089 32030 9
/teleport 33095 31800 10
/teleport 33095 31801 10
/teleport 33109 31679 13
/teleport 33110 31679 13
/teleport 33131 31624 15
/teleport 33134 31624 15
/teleport 33136 31601 15
/teleport 33143 31719 10
/teleport 33143 31721 10
/teleport 33150 32862 7
/teleport 33152 31640 11
/teleport 33155 31880 11
/teleport 33158 31621 15
/teleport 33158 31622 15
/teleport 33163 31603 15
/teleport 33184 31945 11
/teleport 33185 31945 11
/teleport 33188 31682 14
/teleport 33189 31688 14
/teleport 33195 31688 14
/teleport 33199 31923 11
/teleport 33294 31658 13
/teleport 33295 31658 13
/teleport 33297 31658 13
/teleport 33298 31658 13
/teleport 33308 32279 12
/teleport 33313 31591 15
/teleport 33313 31592 15
/teleport 33313 31593 15

[Teleports] count=286
---
/teleport 32082 32171 9
/teleport 32089 32171 9
/teleport 32107 31566 9
/teleport 32120 32046 12
/teleport 32176 31864 15
/teleport 32176 31869 15
/teleport 32177 31864 15
/teleport 32177 31869 15
/teleport 32187 31622 8
/teleport 32208 32433 10
/teleport 32212 32433 10
/teleport 32219 31913 15
/teleport 32234 32502 10
/teleport 32259 31847 15
/teleport 32259 31858 15
/teleport 32262 31889 10
/teleport 32264 31853 15
/teleport 32266 31857 12
/teleport 32266 31863 12
/teleport 32267 31847 15
/teleport 32267 31858 15
/teleport 32274 31847 15
/teleport 32274 31858 15
/teleport 32360 31784 8
/teleport 32369 32246 6
/teleport 32400 31656 15
/teleport 32476 31904 3
/teleport 32476 31904 5
/teleport 32479 31904 2
/teleport 32481 31904 4
/teleport 32481 31905 1
/teleport 32526 32155 12
/teleport 32554 32213 11
/teleport 32607 31682 7
/teleport 32622 32103 12
/teleport 32642 31925 12
/teleport 32644 32138 11
/teleport 32644 32140 11
/teleport 32644 32142 11
/teleport 32644 32144 11
/teleport 32659 31683 5
/teleport 32659 31684 5
/teleport 32659 31685 5
/teleport 32659 31686 5
/teleport 32660 31683 5
/teleport 32660 31686 5
/teleport 32661 31683 5
/teleport 32661 31686 5
/teleport 32662 31683 5
/teleport 32662 31684 5
/teleport 32662 31685 5
/teleport 32662 31686 5
/teleport 32675 31646 10
/teleport 32676 32100 8
/teleport 32780 32255 11
/teleport 32787 32327 7
/teleport 32794 31576 5
/teleport 32805 31577 5
/teleport 32805 31578 5
/teleport 32805 31587 1
/teleport 32812 31576 5
/teleport 32814 32225 9
/teleport 32815 31599 9
/teleport 32831 32294 7
/teleport 32859 32338 7
/teleport 32874 31941 12
/teleport 32874 31955 11
/teleport 32951 32035 7
/teleport 33052 32779 14
/teleport 33056 32636 14
/teleport 33070 31620 14
/teleport 33071 32170 6
/teleport 33071 32171 6
/teleport 33072 32169 6
/teleport 33072 32172 6
/teleport 33073 32590 13
/teleport 33073 32603 15
/teleport 33073 32781 14
/teleport 33079 32594 3
/teleport 33080 32589 13
/teleport 33083 32569 13
/teleport 33083 32569 14
/teleport 33083 32609 14
/teleport 33093 32823 13
/teleport 33097 32816 13
/teleport 33103 32590 15
/teleport 33109 33009 14
/teleport 33116 32656 15
/teleport 33117 32627 15
/teleport 33120 32811 15
/teleport 33124 32759 14
/teleport 33127 32594 15
/teleport 33130 32736 14
/teleport 33131 32683 12
/teleport 33135 32683 12
/teleport 33146 32668 15
/teleport 33148 32864 7
/teleport 33149 32869 11
/teleport 33150 32556 7
/teleport 33150 32864 7
/teleport 33151 32556 7
/teleport 33152 32556 7
/teleport 33157 32771 15
/teleport 33162 32831 10
/teleport 33163 32851 11
/teleport 33174 32694 14
/teleport 33175 32937 15
/teleport 33178 32664 15
/teleport 33179 32890 11
/teleport 33179 33018 14
/teleport 33183 32717 14
/teleport 33183 32757 15
/teleport 33184 32767 15
/teleport 33191 32959 15
/teleport 33193 32908 11
/teleport 33194 32664 15
/teleport 33195 32849 6
/teleport 33195 33002 14
/teleport 33198 32887 11
/teleport 33206 32955 14
/teleport 33206 32982 14
/teleport 33210 31804 8
/teleport 33211 32701 13
/teleport 33212 32699 14
/teleport 33216 32455 2
/teleport 33221 32406 5
/teleport 33234 31642 13
/teleport 33234 32688 13
/teleport 33234 32692 13
/teleport 33236 31659 13
/teleport 33238 32644 14
/teleport 33240 32856 13
/teleport 33242 32668 14
/teleport 33244 32691 14
/teleport 33246 32676 14
/teleport 33246 32849 13
/teleport 33247 32700 14
/teleport 33252 32707 14
/teleport 33255 32688 14
/teleport 33256 32671 14
/teleport 33256 32694 14
/teleport 33258 32678 14
/teleport 33259 32708 13
/teleport 33260 32702 14
/teleport 33263 32668 13
/teleport 33264 32691 14
/teleport 33265 32686 14
/teleport 33269 32665 14
/teleport 33269 32676 14
/teleport 33272 32553 14
/teleport 33276 32553 14
/teleport 33278 31592 11
/teleport 33286 31589 12
/teleport 33293 32742 13
/teleport 33298 32742 13
/teleport 33318 31674 11
/teleport 33318 31675 11
/teleport 33321 31671 11
/teleport 33321 31678 11
/teleport 33322 31671 11
/teleport 33322 31678 11
/teleport 33324 31592 14
/teleport 33350 32830 14
/teleport 33368 32805 14
/teleport 33396 32852 14
/teleport 33399 32802 14
/teleport 32095 32219 7
/teleport 32366 32235 7
/teleport 32673 32089 8
/teleport 33328 32181 6
/teleport 32171 31853 15
/teleport 32192 31938 14
/teleport 32215 31849 15
/teleport 32250 31892 14
/teleport 32278 31903 13
/teleport 32307 32210 6
/teleport 32307 32211 6
/teleport 32311 31978 13
/teleport 32557 32781 7
/teleport 32558 32781 7
/teleport 32559 32781 7
/teleport 32566 32120 8
/teleport 32595 32749 6
/teleport 32615 32484 9
/teleport 32615 32484 10
/teleport 32627 32772 7
/teleport 32628 32772 7
/teleport 32629 32772 7
/teleport 32677 32146 8
/teleport 32677 32154 8
/teleport 32678 32775 7
/teleport 32679 32775 7
/teleport 32680 32775 7
/teleport 32681 32143 8
/teleport 32684 32156 8
/teleport 32686 32152 8
/teleport 32691 32144 8
/teleport 32691 32154 8
/teleport 32692 32148 8
/teleport 32749 32344 14
/teleport 32749 32538 10
/teleport 32754 32326 14
/teleport 32760 32330 14
/teleport 32762 32280 14
/teleport 32762 32290 14
/teleport 32767 32226 15
/teleport 32770 32226 11
/teleport 32770 32252 14
/teleport 32785 32308 15
/teleport 32786 32225 11
/teleport 32807 32327 15
/teleport 32816 32347 9
/teleport 32820 32238 12
/teleport 32820 32241 12
/teleport 32820 32244 12
/teleport 32824 32225 12
/teleport 32824 32236 12
/teleport 32826 32249 10
/teleport 32826 32347 9
/teleport 32828 32238 12
/teleport 32828 32241 12
/teleport 32828 32244 12
/teleport 32829 32252 10
/teleport 32832 32242 11
/teleport 32837 32287 15
/teleport 32839 32533 9
/teleport 32844 32275 14
/teleport 32847 32249 12
/teleport 32847 32250 12
/teleport 32847 32251 12
/teleport 32847 32252 12
/teleport 32847 32253 12
/teleport 32848 32248 12
/teleport 32848 32254 12
/teleport 32849 32248 12
/teleport 32849 32254 12
/teleport 32850 32248 12
/teleport 32850 32254 12
/teleport 32851 32248 12
/teleport 32851 32254 12
/teleport 32852 32248 12
/teleport 32852 32254 12
/teleport 32853 32249 12
/teleport 32853 32250 12
/teleport 32853 32251 12
/teleport 32853 32252 12
/teleport 32853 32253 12
/teleport 32854 32544 10
/teleport 32856 32352 15
/teleport 32857 32230 11
/teleport 32857 32235 11
/teleport 32859 32279 15
/teleport 32874 32276 14
/teleport 32876 32225 15
/teleport 32883 32526 11
/teleport 32883 32633 11
/teleport 32925 32892 7
/teleport 32926 32892 7
/teleport 32927 32892 7
/teleport 32945 32879 7
/teleport 32945 32880 7
/teleport 32945 32881 7
/teleport 32965 32868 7
/teleport 32966 32868 7
/teleport 32967 32868 7
/teleport 32971 32861 7
/teleport 32971 32862 7
/teleport 32971 32863 7
/teleport 33027 32580 6
/teleport 33157 32832 10
/teleport 33192 32845 8
/teleport 33195 32851 4
/teleport 33245 32686 15
/teleport 33252 32703 15
/teleport 33263 32681 14
/teleport 33269 32698 14
/teleport 33270 32667 15
/teleport 33275 32685 14
/teleport 33279 32682 14
/teleport 33328 32184 5
/teleport 33316 31591 15  # aid=3091
/teleport 32225 32276 10  # aid=3115
/teleport 32233 32276 9   # aid=3114
/teleport 32225 32276 10
/teleport 32233 32276 9
/teleport 33316 31591 15
