/teleport 32212 32435 10
/teleport 32223 31869 14
/teleport 32325 32389 9
/teleport 32353 32073 11
/teleport 32360 31784 8
/teleport 32369 32246 6
/teleport 32424 32145 15
/teleport 32448 32042 8
/teleport 32475 31946 13
/teleport 32479 31634 10
/teleport 32479 32174 15
/teleport 32483 31630 10
/teleport 32483 31635 10
/teleport 32483 31722 15
/teleport 32486 31633 10
/teleport 32510 31956 13
/teleport 32544 32179 14
/teleport 32567 31969 3
/teleport 32602 32207 10
/teleport 32607 31682 7
/teleport 32642 31925 12
/teleport 32673 32100 8
/teleport 32804 31583 2
/teleport 32874 31974 12
/teleport 32875 31974 12
/teleport 32951 32035 7
/teleport 32981 31760 9
/teleport 33032 32398 11
/teleport 33037 32398 11
/teleport 33085 31650 10
/teleport 33190 31684 14
/teleport 33195 31684 14
/teleport 33195 32849 6
/teleport 33210 31804 8
/teleport 33211 31638 13
/teleport 33214 31671 13
/teleport 33216 32455 2
/teleport 33297 31670 14
/teleport 33302 31691 11
/teleport 33302 31692 11
