NPC buy items report (parsed from data/npc/behavior/*.npc + includes)
Total behavior files with buy offers: 131
Unique buy item ids: 225

=== Unique item ids sold by at least one NPC ===
1949
1955
1968
1969
1971
1972
1973
1987
1988
1989
1990
1991
1992
1993
1994
1995
1996
1997
1998
1999
2000
2001
2002
2003
2004
2005
2006
2007
2008
2012
2013
2014
2023
2031
2035
2036
2041
2044
2047
2050
2071
2072
2073
2075
2087
2088
2089
2109
2120
2121
2130
2133
2143
2144
2145
2146
2147
2149
2150
2161
2162
2164
2165
2166
2167
2168
2169
2170
2172
2173
2175
2181
2192
2197
2198
2199
2200
2201
2207
2208
2209
2213
2214
2260
2266
2324
2345
2347
2376
2377
2378
2379
2380
2382
2383
2384
2385
2386
2389
2391
2394
2395
2396
2397
2398
2399
2401
2405
2406
2409
2410
2416
2417
2420
2423
2425
2429
2455
2456
2457
2458
2459
2460
2461
2463
2464
2465
2467
2468
2473
2478
2481
2482
2483
2484
2485
2486
2489
2490
2509
2510
2511
2512
2518
2525
2526
2531
2532
2543
2544
2548
2549
2550
2551
2552
2553
2554
2559
2561
2562
2563
2564
2565
2566
2567
2568
2569
2570
2578
2580
2595
2597
2599
2600
2601
2604
2642
2643
2648
2649
2650
2651
2652
2654
2661
2666
2667
2668
2671
2672
2673
2674
2675
2676
2677
2679
2680
2681
2682
2683
2684
2685
2686
2687
2689
2690
2691
2694
2695
2696
2744
2754
2787
2788
2789
2799
2800
2801
3939
3940
3976
4839
5046
5055
5056

=== Per NPC ===
ahmet.npc: 23 -> 1949,1968,1969,1990,1997,2004,2005,2006,2007,2013,2031,2035,2036,2041,2047,2050,2120,2416,2550,2553,2554,2580,3976
al dee.npc: 28 -> 1949,1987,1988,2050,2120,2379,2380,2384,2385,2386,2389,2405,2406,2458,2461,2467,2482,2485,2512,2526,2550,2554,2559,2580,2649,2650,2651,3976
aldo.npc: 6 -> 2461,2468,2482,2642,2643,2649
alesar.npc: 5 -> 2396,2409,2489,2490,2532
alexander.npc: 3 -> 2168,2192,2260
amber.npc: 1 -> 1955
anerui.npc: 2 -> 2666,2671
arito.npc: 6 -> 2012,2666,2667,2671,2689,2696
ashtamor.npc: 2 -> 2008,2023
asima.npc: 3 -> 2006,2175,2260
azil.npc: 12 -> 2458,2460,2461,2464,2465,2467,2473,2478,2510,2511,2512,2648
bashira.npc: 21 -> 1949,1968,1969,1990,1991,1998,2005,2006,2007,2013,2031,2035,2036,2041,2050,2120,2550,2553,2554,2580,3976
beatrice.npc: 17 -> 1989,1995,2002,2005,2036,2044,2047,2050,2109,2120,2416,2550,2553,2554,2578,2580,3976
benjamin.npc: 3 -> 2595,2597,2599
bezil.npc: 21 -> 1949,1968,1969,1990,1996,2003,2005,2006,2007,2031,2036,2041,2047,2050,2120,2416,2550,2553,2554,2580,3976
billy.npc: 5 -> 2563,2666,2671,2689,2696
bonifacius.npc: 11 -> 2666,2668,2675,2676,2681,2682,2683,2687,2690,2695,2696
boozer.npc: 6 -> 2012,2666,2671,2687,2689,2696
bozo.npc: 1 -> 2570
brasith.npc: 9 -> 2007,2676,2679,2680,2681,2682,2683,2684,2686
brengus.npc: 18 -> 2376,2379,2380,2384,2385,2386,2389,2398,2399,2417,2458,2461,2464,2465,2467,2509,2512,2648
briasol.npc: 10 -> 2121,2130,2133,2143,2144,2145,2146,2147,2149,2150
bruno.npc: 1 -> 2667
carina.npc: 3 -> 2121,2130,2133
chemar.npc: 3 -> 2595,2597,2599
chephan.npc: 16 -> 2005,2007,2012,2013,2014,2035,2561,2562,2563,2564,2565,2566,2567,2568,2569,2570
clyde.npc: 5 -> 2012,2666,2671,2689,2696
cornelia.npc: 12 -> 2458,2460,2461,2464,2465,2467,2473,2478,2510,2511,2512,2648
dane.npc: 1 -> 2007
dario.npc: 4 -> 2455,2456,2543,2544
dermot.npc: 1 -> 2087
digger.npc: 1 -> 2006
dixi.npc: 27 -> 1949,1987,1988,2050,2120,2379,2380,2384,2385,2386,2389,2405,2406,2458,2461,2467,2482,2485,2512,2526,2550,2554,2580,2649,2650,2651,3976
donald mcronald.npc: 4 -> 2684,2686,2694,2696
dove.npc: 3 -> 2595,2597,2599
edoch.npc: 4 -> 2455,2456,2543,2544
elathriel.npc: 1 -> 2089
elvith.npc: 4 -> 2071,2072,2073,2075
eremo.npc: 2 -> 2173,2200
fenech.npc: 2 -> 2175,2260
frans.npc: 2 -> 2175,2260
frodo.npc: 4 -> 2666,2671,2689,2696
gail.npc: 10 -> 2121,2130,2133,2143,2144,2145,2146,2147,2149,2150
galuna.npc: 4 -> 2455,2456,2543,2544
gamel.npc: 5 -> 2379,2398,2401,2410,2460
gorn.npc: 25 -> 1949,1968,1969,1971,1972,1973,1987,1988,1990,2005,2007,2012,2013,2014,2035,2036,2050,2109,2120,2420,2550,2553,2554,2580,3976
habdel.npc: 12 -> 2376,2377,2378,2379,2382,2384,2385,2389,2394,2398,2399,2417
hairycles.npc: 4 -> 2676,5046,5055,5056
halif.npc: 23 -> 1949,1968,1969,1990,1992,1999,2005,2006,2007,2013,2031,2035,2036,2041,2047,2050,2120,2416,2550,2553,2554,2580,3976
hanna.npc: 10 -> 2121,2130,2133,2143,2144,2145,2146,2147,2149,2150
haroun.npc: 10 -> 2162,2165,2166,2172,2197,2198,2199,2207,2208,2209
hyacinth.npc: 1 -> 2006
imalas.npc: 11 -> 2676,2679,2681,2682,2683,2684,2687,2690,2691,2695,2696
irea.npc: 4 -> 2455,2456,2543,2544
ishina.npc: 10 -> 2121,2130,2133,2143,2144,2145,2146,2147,2149,2150
iwan.npc: 10 -> 2121,2130,2133,2143,2144,2145,2146,2147,2149,2150
jakahr.npc: 3 -> 2595,2597,2599
james.npc: 5 -> 2666,2671,2674,2689,2696
jezzara.npc: 12 -> 2666,2667,2668,2671,2672,2675,2676,2681,2682,2683,2684,2685
jimbin.npc: 1 -> 2012
julian.npc: 4 -> 2071,2072,2073,2075
karl.npc: 1 -> 2012
kroox.npc: 13 -> 2457,2458,2459,2460,2463,2464,2465,2478,2509,2510,2511,2525,2648
lector.npc: 2 -> 2666,2671
lee'delle.npc: 27 -> 1949,1987,1988,2050,2120,2379,2380,2384,2385,2386,2389,2405,2406,2458,2461,2467,2482,2485,2512,2526,2550,2554,2580,2649,2650,2651,3976
liane.npc: 3 -> 2595,2597,2599
lily.npc: 1 -> 2266
livielle.npc: 7 -> 2675,2676,2677,2680,2682,2683,2787
lokur.npc: 3 -> 2595,2597,2599
lubo.npc: 8 -> 1988,2031,2050,2120,2416,2580,2674,3976
luna.npc: 8 -> 2744,2754,2787,2788,2789,2799,2800,2801
maria.npc: 8 -> 2012,2666,2671,2685,2687,2689,2695,2696
maryza.npc: 8 -> 2347,2666,2671,2687,2689,2690,2691,2696
mehkesh.npc: 1 -> 2006
memech.npc: 18 -> 2376,2379,2380,2384,2385,2386,2389,2398,2399,2417,2458,2461,2464,2465,2467,2509,2512,2648
mirabell.npc: 5 -> 2012,2666,2671,2689,2696
miraia.npc: 5 -> 2012,2666,2671,2689,2696
mugluf.npc: 3 -> 2666,2668,2671
muriel.npc: 1 -> 2175
nah'bob.npc: 5 -> 2383,2391,2425,2486,2518
nelliem.npc: 12 -> 2120,2416,2420,2548,2549,2550,2551,2552,2553,2554,2580,3976
nezil.npc: 21 -> 1949,1968,1969,1990,1996,2003,2005,2006,2007,2031,2036,2041,2047,2050,2120,2416,2550,2553,2554,2580,3976
norbert.npc: 5 -> 2467,2484,2485,2650,2651
norma.npc: 27 -> 1949,1987,1988,2050,2120,2379,2380,2384,2385,2386,2389,2405,2406,2458,2461,2467,2482,2485,2512,2526,2550,2554,2580,2649,2650,2651,3976
obi.npc: 27 -> 1949,1987,1988,2050,2120,2379,2380,2384,2385,2386,2389,2405,2406,2458,2461,2467,2482,2485,2512,2526,2550,2554,2580,2649,2650,2651,3976
odemara.npc: 7 -> 2143,2144,2145,2146,2147,2149,2150
olrik.npc: 3 -> 2595,2597,2599
omur.npc: 7 -> 2675,2676,2681,2682,2683,2684,2685
padreia.npc: 1 -> 4839
pemaret.npc: 1 -> 2667
perac.npc: 4 -> 2455,2456,2543,2544
perod.npc: 29 -> 1949,1968,1969,1971,1972,1973,1990,2005,2007,2012,2013,2014,2035,2036,2050,2109,2120,2420,2455,2456,2543,2544,2550,2553,2554,2580,3939,3940,3976
quero.npc: 4 -> 2071,2072,2073,2075
rachel.npc: 3 -> 2006,2175,2260
rata'mari.npc: 1 -> 2345
rodney.npc: 4 -> 2673,2674,2679,2681
romella.npc: 11 -> 2376,2379,2380,2384,2385,2386,2389,2398,2410,2417,2420
rowenna.npc: 13 -> 2376,2377,2378,2379,2382,2384,2385,2389,2394,2395,2398,2410,2417
rudolph.npc: 7 -> 2642,2643,2649,2650,2652,2654,2661
sam.npc: 18 -> 2376,2379,2380,2384,2385,2386,2389,2398,2410,2417,2458,2461,2464,2465,2467,2509,2512,2648
sandra.npc: 1 -> 2006
sarina.npc: 19 -> 1949,1968,1969,1994,2001,2006,2013,2035,2036,2041,2047,2050,2109,2120,2550,2553,2554,2580,3976
scott.npc: 4 -> 2666,2671,2689,2696
seymour.npc: 2 -> 1990,2088
shanar.npc: 17 -> 2376,2379,2384,2385,2389,2397,2401,2410,2420,2458,2461,2464,2465,2467,2509,2512,2648
sherry mcronald.npc: 4 -> 2679,2682,2683,2696
shiantis.npc: 17 -> 1949,1968,1969,1971,1972,1973,1990,1993,2000,2006,2036,2041,2047,2050,2109,2601,2604
shiriel.npc: 3 -> 2006,2175,2260
shirith.npc: 1 -> 2088
sigurd.npc: 3 -> 2006,2175,2260
simon the beggar.npc: 1 -> 2554
snake eye.npc: 4 -> 2012,2666,2667,2691
talphion.npc: 2 -> 2455,2543
tandros.npc: 3 -> 2006,2175,2260
tesha.npc: 10 -> 2121,2130,2133,2143,2144,2145,2146,2147,2149,2150
tezila.npc: 10 -> 2121,2130,2133,2143,2144,2145,2146,2147,2149,2150
thomas.npc: 8 -> 1949,1968,1969,1971,1972,1973,2175,2600
timur.npc: 10 -> 1949,1968,1969,2050,2120,2473,2543,2544,2580,3976
tokel.npc: 4 -> 2666,2671,2689,2696
topsy.npc: 3 -> 2006,2175,2260
turvy.npc: 18 -> 2376,2379,2380,2384,2385,2386,2389,2398,2410,2417,2458,2461,2464,2465,2467,2509,2512,2648
ulrik.npc: 6 -> 2378,2397,2417,2481,2483,2509
urkalio.npc: 6 -> 2012,2666,2671,2687,2689,2696
uzgod.npc: 13 -> 2376,2377,2378,2379,2382,2384,2385,2386,2389,2394,2398,2410,2417
willard.npc: 25 -> 2376,2379,2380,2384,2385,2386,2389,2398,2399,2417,2423,2429,2455,2456,2458,2461,2464,2465,2467,2509,2512,2531,2543,2544,2648
willie.npc: 5 -> 2666,2671,2676,2689,2696
wyda.npc: 2 -> 2181,2324
xed.npc: 4 -> 2455,2456,2543,2544
xodet.npc: 3 -> 2006,2175,2260
yaman.npc: 10 -> 2161,2164,2167,2168,2169,2170,2200,2201,2213,2214
yanni.npc: 6 -> 2458,2464,2465,2509,2512,2648
